$T	$D	$O V	$O U	$O Y	$O D	$O C	$O B	$O A
0	200NS	0	0	0	0	0	0	0
200NS	44NS	0	0	0	1	0	0	0
244NS	156NS	0	0	1	1	0	0	0
400NS	88NS	0	0	1	1	1	0	0
488NS	112NS	1	0	1	1	1	0	0
600NS	44NS	1	0	1	0	0	1	0
644NS	44NS	1	0	0	0	0	1	0
688NS	22NS	0	0	0	0	0	1	0
710NS	90NS	0	0	1	0	0	1	0
800NS	110NS	0	0	1	1	0	1	0
910NS	90NS	0	0	0	1	0	1	0
1US	88NS	0	0	0	0	1	0	1
1088NS	112NS	0	1	0	0	1	0	1
1200NS	200NS	0	1	0	1	1	0	1
1400NS	66NS	0	1	0	0	0	1	1
1466NS	44NS	0	0	0	0	0	1	1
1510NS	90NS	0	0	1	0	0	1	1
1600NS	110NS	0	0	1	0	1	1	1
1710NS	90NS	0	0	0	0	1	1	1
1800NS	200NS	0	0	0	1	1	1	1
2US	66NS	0	0	0	0	0	0	0
2066NS	22NS	0	1	0	0	0	0	0
2088NS	0	0	0	0	0	0	0	0
