$T	$D	$O X	$O Z	$O W	$O T	$O Y	$O V	$O U	$O D	$O C	$O B	$O A
0	200NS	0	1	0	0	0	0	0	0	0	0	0
200NS	2NS	0	1	0	0	0	0	0	1	0	0	0
202NS	4NS	0	1	0	1	1	0	0	1	0	0	0
206NS	2NS	0	1	1	1	1	0	0	1	0	0	0
208NS	192NS	1	1	1	1	1	0	0	1	0	0	0
400NS	3NS	1	1	1	1	1	0	0	1	1	0	0
403NS	1NS	1	0	1	1	1	0	0	1	1	0	0
404NS	1NS	1	0	1	1	1	1	0	1	1	0	0
405NS	2NS	1	0	1	0	1	1	0	1	1	0	0
407NS	193NS	0	0	0	0	1	1	0	1	1	0	0
600NS	2NS	0	0	0	0	1	1	0	0	0	1	0
602NS	1NS	0	0	0	0	0	1	0	0	0	1	0
603NS	1NS	0	1	0	0	0	1	0	0	0	1	0
604NS	1NS	0	1	0	0	0	0	0	0	0	1	0
605NS	1NS	0	0	1	0	1	0	0	0	0	1	0
606NS	2NS	1	0	1	0	1	0	0	0	0	1	0
608NS	192NS	1	0	0	0	1	0	0	0	0	1	0
800NS	2NS	1	0	0	0	1	0	0	1	0	1	0
802NS	3NS	1	0	0	1	1	0	0	1	0	1	0
805NS	1NS	1	0	0	1	0	0	0	1	0	1	0
806NS	194NS	1	0	1	1	0	0	0	1	0	1	0
1US	2NS	1	0	1	1	0	0	0	0	1	0	1
1002NS	2NS	1	0	1	0	0	0	0	0	1	0	1
1004NS	1NS	1	0	1	0	0	0	1	0	1	0	1
1005NS	195NS	1	0	0	0	0	0	1	0	1	0	1
1200NS	4NS	1	0	0	0	0	0	1	1	1	0	1
1204NS	1NS	1	0	1	1	0	0	1	1	1	0	1
1205NS	2NS	1	0	0	1	0	0	1	1	1	0	1
1207NS	193NS	0	0	0	1	0	0	1	1	1	0	1
1400NS	3NS	0	0	0	1	0	0	1	0	0	1	1
1403NS	1NS	0	0	0	1	0	0	0	0	0	1	1
1404NS	1NS	0	0	0	0	0	0	0	0	0	1	1
1405NS	1NS	0	1	1	0	1	0	0	0	0	1	1
1406NS	194NS	1	1	1	0	1	0	0	0	0	1	1
1600NS	5NS	1	1	1	0	1	0	0	0	1	1	1
1605NS	195NS	0	0	0	0	0	0	0	0	1	1	1
1800NS	4NS	0	0	0	0	0	0	0	1	1	1	1
1804NS	2NS	0	0	1	0	0	0	0	1	1	1	1
1806NS	194NS	1	0	1	0	0	0	0	1	1	1	1
2US	3NS	1	0	1	0	0	0	0	0	0	0	0
2003NS	1NS	1	0	1	0	0	0	1	0	0	0	0
2004NS	1NS	1	0	0	0	0	0	0	0	0	0	0
2005NS	1NS	1	1	1	0	0	0	0	0	0	0	0
2006NS	1NS	0	1	1	0	0	0	0	0	0	0	0
2007NS	1NS	1	1	1	0	0	0	0	0	0	0	0
2008NS	0	0	1	0	0	0	0	0	0	0	0	0
