$T	$D	$O CLK	$O L0	$O L1	$O L2	$O L3	$O X0	$O X1	$O X2	$O W3	$O W2	$O W1	$O W0
0	100NS	0	0	0	0	0	0	1	1	1	1	0	1
100NS	50NS	1	0	0	0	0	0	1	1	1	1	0	1
150NS	50NS	1	0	0	0	0	0	1	1	0	0	0	0
200NS	100NS	0	1	1	0	0	1	0	0	0	0	0	0
300NS	50NS	1	1	1	0	0	1	0	0	0	0	0	0
350NS	50NS	1	1	1	0	0	1	0	0	0	0	1	1
400NS	100NS	0	1	1	1	1	0	1	0	0	0	1	1
500NS	50NS	1	1	1	1	1	0	1	0	0	0	1	1
550NS	50NS	1	1	1	1	1	0	1	0	1	1	0	0
600NS	100NS	0	1	1	1	0	0	0	1	1	1	0	0
700NS	50NS	1	1	1	1	0	0	0	1	1	1	0	0
750NS	50NS	1	1	1	1	0	0	0	1	1	1	0	1
800NS	100NS	0	1	0	1	0	1	0	1	1	1	0	1
900NS	50NS	1	1	0	1	0	1	0	1	1	1	0	1
950NS	50NS	1	1	0	1	0	1	0	1	0	0	1	0
1US	100NS	0	1	1	1	1	1	1	1	0	0	1	0
1100NS	50NS	1	1	1	1	1	1	1	1	0	0	1	0
1150NS	50NS	1	1	1	1	1	1	1	1	0	1	0	0
1200NS	100NS	0	1	0	0	1	1	0	1	0	1	0	0
1300NS	50NS	1	1	0	0	1	1	0	1	0	1	0	0
1350NS	50NS	1	1	0	0	1	1	0	1	1	1	0	1
1400NS	100NS	0	1	1	1	1	1	1	0	1	1	0	1
1500NS	100NS	1	0	1	0	1	1	1	0	1	1	0	1
1600NS	100NS	0	1	1	0	0	1	1	0	1	1	0	1
1700NS	100NS	1	1	1	1	0	1	1	0	1	1	0	1
1800NS	100NS	0	0	0	0	0	1	1	0	1	1	0	1
1900NS	50NS	1	1	0	1	1	1	1	0	1	1	0	1
1950NS	0	1	1	0	1	1	1	1	0	1	1	0	1
